#Mental Multiply Configuration
#Sun Jan 15 12:15:01 CST 2017
person=0
token=24.438b4b2574ba9961e72ebe0f79e57ae5.2592000.1487041295.282335-8614141
volume=9
speed=5
pitch=9
