#Mental Multiply Configuration
#Sat May 13 11:17:25 CST 2017
person=0
token=24.9850aae9eecaa082da74ad2b28f40827.2592000.1497237142.282335-8614141
volume=9
speed=5
pitch=9
